4,支援型莉奥妮丝,1,5
9,支援型依缇尔,1,3
15,第二型兰玛洛克,1,4
16,试作型伏提庚,1,10
18,第二型玛洛斯,1,5
40,制御型贝德维尔,1,3
41,特殊型尤文之狮,1,5
46,第二型亚格拉文,1,6
47,第二型卡尔迪斯,1,6
51,第二型凯尔丹,1,6
52,第二型卡洛格雷南,1,11
54,第二型马伯纳格林,1,9
65,特殊型格林格莱特,1,3
66,教练型凯,1,5
68,第二型伯纳德,1,4
73,第二型艾恩赛德,1,7
78,支援型奥尔特莉特,1,4
79,第二型提尔拉蒙,1,6
83,支援型贝莉珊,1,3
85,第二型布鲁诺,1,4
87,支援型艾尔莎,1,7
89,第二型梅利甘斯,1,4
100,支援型布兰奇芙蓉,1,9
105,第二型卡多,1,6
108,第二型佩里诺亚,1,3
119,玛纳南,1,10
126,第二型柏德玛戈斯,1,6
132,第二型小波尔斯,1,3
139,第二型海琳,1,3
140,特殊型安波罗修,1,11
141,支援型奥尔温,1,5
390,切尔莉,1,99
8,支援型丽奈特,2,3
12,第二型昂兹雷克,2,5
13,第二型加荷里斯,2,5
17,第二型艾力克,2,5
19,第二型达玛斯,2,5
21,特异型奥德修斯,2,7
35,特殊型哥罗亚斯,2,6
42,外敌型本,2,11
53,支援型洛蒂涅,2,5
69,第二型路坎,2,4
75,第二型戈特弗里德,2,6
82,支援型布兰克韦恩,2,6
84,支援型拉格妮尔,2,7
88,第二型哥鲁尼曼,2,8
104,第二型加隆,2,4
106,第二型塔奎恩,2,7
124,第二型毕斯克拉乌莉特,2,2
127,第二型吉夫雷斯,2,6
129,第二型格罗马索玛吉亚,2,5
131,第二型马尔科,2,5
135,第二型罗恩法尔,2,4
142,第二型兰索尔,2,3
144,支援型雅格拉瓦丁,2,4
145,特殊型罗艾娜,2,5
181,第二型丝莉特,2,9
182,第二型切利尼,2,7
190,第二型巴基,2,8
208,支援型爱尔兰,2,8
215,支援型乔治,2,9
5,第二型崔斯坦,3,7
10,支援型白手伊索德,3,8
11,亚瑟 -剑术之城-,3,7
26,特异型玛丽,3,10
30,试作型布兰迪哥利斯,3,10
31,试作型利安斯,3,13
34,第二型贝兰,3,7
36,预言型梅林,3,8
45,亚瑟 -技巧之场-,3,7
49,支援型律涅特,3,5
50,外敌型波尔斯,3,13
56,特异型维尔薇尤,3,10
60,特异型迪特里希,3,8
62,特异型黑沃尔,3,8
67,试作型尤廉斯,3,8
76,第二型罗恩格林,3,12
81,亚瑟 -魔法之派-,3,7
91,特异型克娄巴特拉,3,13
92,特异型莎乐美,3,11
93,特异型圣日耳曼,3,7
94,特异型圣诞老人,3,9
95,特异型白雪公主,3,7
102,支援型圣杯伊莱恩,3,9
103,第二型艾塔德,3,6
115,杜拉尔汗,3,11
122,露,3,9
137,第二型梅里奥特,3,11
138,第二型海克特·德·玛力斯,3,7
143,支援型艾文,3,6
151,佩格帕乌拉,3,10
160,选拔骑士,3,8
179,支援型潘茜,3,11
391,超级切尔莉,3,99
191,第二型拉瓦,3,10
217,支援型兰克,3,13
227,支援型奥达,3,13
327,第二型蕾克香,3,9
2,第二型加雷斯,4,10
3,支援型金发伊索德,4,9
6,复原型乌瑟,4,19
7,支援型阿斯特拉艾琳,4,10
20,特异型威廉,4,16
22,特异型恺撒,4,10
24,特异型纳杰吉塔,4,16
25,特异型汉尼拔,4,13
32,试作型洛特,4,14
33,第二型格里弗雷特,4,9
37,虏获型摩高斯,4,9
43,第二型柯尔格利万斯,4,12
44,第二型尤文,4,10
57,特异型猎户座,4,13
58,特异型乔治,4,10
61,特异型拿破仑,4,12
64,特异型鲁克蕾齐亚,4,10
70,虏获型魔女伊莱恩,4,8
80,第二型贝琳,4,12
86,支援型艾妮多,4,11
90,特异型安托瓦内特,4,9
98,特异型甲斐姬,4,14
99,特异型卑弥呼,4,10
107,第二型珀西瓦尔,4,13
109,统御型桂妮薇儿,4,9
125,外敌型卢西乌斯,4,14
134,支援型格妮妲,4,12
136,第二型佩里亚丝,4,10
147,斯普林甘,4,11
150,雪莉柯特,4,12
155,匹克西,4,17
158,绿之骑士,4,11
176,支援型甜心,4,9
177,支援型芙瓦妮塔,4,13
178,支援型提妮亚,4,13
29,复制型渔夫王,4,16
201,支援型梅尔特,4,14
216,支援型艾多尔利亚,4,16
280,支援型索菲德,4,16
289,炎夏型摩高斯,4,16
300,炎夏型伊莱恩,4,18
306,支援型克罗基思,4,20
308,炎夏型加拉哈德,4,19
309,炎夏型摩根,4,17
367,支援型阿尔凯,4,18
615,炎夏型艾丽菲尔,4,14
1,第一型兰斯洛特,5,19
27,特异型罗宾汉,5,13
38,第一型高文,5,16
48,第二型迪拿丹,5,14
59,特异型贞德,5,18
72,第一型加拉哈德,5,15
77,归化型妮妙,5,14
96,特异型达芬奇,5,16
110,虏获型摩根,5,20
111,复制型艾尔,5,9
112,凯特西,5,14
113,凯尔皮,5,17
114,塔姆琳,5,20
116,树妖,5,16
117,复制型菲,5,10
118,美人鱼,5,14
120,复制型莉芙,5,11
121,莉瓦亚珊,5,13
123,蕾普菈荷,5,12
128,第二型索尔,5,14
146,蓝帽子,5,19
148,莉娅南希,5,14
149,希尔奇,5,19
153,古亚加,5,23
154,普卡,5,9
156,姆莉安,5,18
157,塔尔威斯提格,5,15
159,异界的女王,5,14
175,第二型橄榄石,5,15
180,支援型诗多莲,5,14
224,西西莉亚,5,13
262,第二型艾伦,5,14
287,第二型罗恩,5,16
392,究极切尔莉,5,99
395,异界型甜甜圈猫,5,22
405,库鲁敏,5,16
548,幻兽型天马,5,14
600,特异型小龙女,5,14
601,特异型太乙真人,5,15
603,特异型杨过,5,16
604,幻兽型梦魔亚,5,17
605,幻兽型月兔,5,14
197,支援型罗索菲亚,5,16
223,波寇,5,16
607,第二型骨姬,5,16
608,特异型杨过小龙女,5,19
299,炎夏型莉芙,5,22
307,炎夏型艾尔,5,21
311,炎夏型桂妮薇儿,5,20
609,炎夏型丝麦茵,5,17
610,炎夏型琪妮安,5,19
611,炎夏型布露丹,5,15
612,炎夏型莉卡纳,5,18
613,炎夏型诺蕾,5,16
23,特异型希格露恩,6,17
39,第一型莫德雷德,6,19
71,王位型君士坦丁,6,20
97,特异型小灰人,6,20
101,支援型克莱尔,6,14
152,格拉盖丝安努恩,6,15
404,极限突破切尔莉,6,99
602,第一型塞拉利昂,6,18
606,特异型天山童姥,6,18
288,炎夏型菲,6,24
298,炎夏型亚瑟 -技巧之场-,6,25
310,炎夏型妮妙,6,23
614,炎夏型塞拉利昂,6,25
