4,支援型莉奥妮丝,1,5
9,支援型依缇尔,1,3
15,第二型兰玛洛克,1,4
16,试作型伏提庚,1,10
18,第二型玛洛斯,1,5
40,制御型贝蒂维雅,1,3
41,特殊型欧文之狮,1,5
46,第二型亚格拉文,1,6
47,第二型卡尔迪斯,1,6
51,第二型凯尔丹,1,6
52,第二型卡洛格雷南,1,11
54,第二型马伯纳格林,1,9
65,特殊型格林格莱特,1,3
66,教练型凯,1,5
68,第二型伯纳德,1,4
73,第二型艾恩赛德,1,7
78,支援型奥尔特莉特,1,4
79,第二型提尔拉蒙,1,6
83,支援型贝莉珊,1,3
85,第二型布鲁诺,1,4
87,支援型艾尔莎,1,7
89,第二型梅利甘斯,1,4
100,支援型布兰奇芙蓉,1,9
105,第二型卡多,1,6
108,第二型佩里诺亚,1,3
119,玛纳南,1,10
126,第二型柏德玛戈斯,1,6
132,第二型小波尔斯,1,3
139,第二型海琳,1,3
140,特殊型安波罗修,1,11
141,支援型奥尔温,1,5
390,切尔莉,1,99
8,支援型丽奈特,2,3
12,第二型昂兹雷克,2,5
13,第二型加荷里斯,2,5
17,第二型艾力克,2,5
19,第二型达玛斯,2,5
21,特异型奥德修斯,2,7
35,特殊型哥罗亚斯,2,6
42,外敌型潘,2,11
53,支援型洛蒂涅,2,5
69,第二型露甘,2,4
75,第二型戈特弗里德,2,6
82,支援型布兰克韦恩,2,6
84,支援型拉格妮尔,2,7
88,第二型哥鲁尼曼,2,8
104,第二型加隆,2,4
106,第二型塔奎恩,2,7
124,第二型小狼女乌莉特,2,2
127,第二型吉夫雷斯,2,6
129,第二型格罗马索玛姬亚,2,5
130,第二型库尔威奇,2,3
131,第二型玛律科,2,5
135,第二型罗恩法尔,2,4
142,第二型兰索尔,2,3
144,支援型雅格拉瓦丁,2,4
145,特殊型罗艾娜,2,5
181,第二型丝莉特,2,9
182,第二型切利尼,2,7
190,第二型巴基,2,8
208,支援型爱尔兰,2,8
266,星冠型牛郎星,2,11
279,第二型蒙特尔,2,9
5,第二型崔斯坦,3,7
10,支援型白手伊索德,3,8
11,亚瑟 -剑术之城-,3,7
26,特异型玛丽,3,10
30,试作型布兰迪哥利斯,3,10
31,试作型利安斯,3,13
34,第二型贝兰,3,7
36,预言型梅林,3,8
45,亚瑟 -技巧之场-,3,7
49,支援型律涅特,3,5
50,外敌型波尔斯,3,13
56,特异型维尔薇尤,3,10
60,特异型迪特里希,3,8
62,特异型赫尔薇儿,3,8
67,试作型尤廉斯,3,8
76,第二型罗恩格林,3,12
81,亚瑟 -魔法之派-,3,7
91,特异型克娄巴特拉,3,13
92,特异型莎乐美,3,11
93,特异型圣日尔曼,3,7
94,特异型圣诞老人,3,9
95,特异型白雪公主,3,7
102,支援型圣杯伊莱恩,3,9
103,第二型艾塔德,3,6
115,杜拉尔汗,3,11
122,露,3,9
137,第二型梅里奥特,3,11
138,第二型海克特·德·玛力斯,3,7
143,支援型艾文,3,6
151,佩格帕乌拉,3,10
160,选拔骑士,3,8
179,支援型潘茜,3,11
187,绚烂型黄宝石,3,9
188,第二型丝瓦莉,3,10
191,第二型拉瓦,3,10
192,绚烂型玛瑙,3,9
194,绚烂型绿松石,3,11
196,支援型透明石膏,3,9
198,第二型皮凯,3,11
200,支援型基安蒂,3,11
202,绚烂型石英,3,13
205,支援型艾吉,3,10
206,第二型法兰西斯,3,11
227,支援型奥达,3,13
391,超级切尔莉,3,99
857,特异型小狼帽莱昂丝,3,3
257,星冠型天津四,3,13
264,星冠型天鹰座,3,12
217,支援型兰克,3,13
888,特异型孔斗士,3,6
889,特异型艾茵丝妲,3,8
2,第二型加雷斯,4,10
3,支援型金发伊索德,4,9
6,复原型乌瑟,4,19
7,支援型阿斯特拉爱琳,4,10
20,特异型威廉,4,16
22,特异型恺撒,4,10
24,特异型娜杰吉塔,4,16
25,特异型汉尼拔,4,13
29,复制型渔夫王,4,16
32,试作型洛特,4,14
33,第二型库莉芙蕾特,4,9
37,掳获型摩高斯,4,9
43,第二型歌尔莉凡丝,4,12
44,第二型欧文,4,10
57,特异型猎户座,4,13
58,特异型乔治,4,10
61,特异型拿破仑,4,12
64,特异型鲁克蕾齐亚,4,10
70,掳获型魔女伊莱恩,4,8
80,第二型贝琳,4,12
86,支援型艾妮多,4,11
90,特异型安托瓦内特,4,9
98,特异型甲斐姬,4,14
99,特异型卑弥呼,4,10
107,第二型珀西瓦尔,4,13
109,统御型桂妮薇儿,4,9
125,外敌型卢西乌斯,4,14
134,支援型格妮妲,4,12
136,第二型佩里亚丝,4,10
150,雪丽柯特,4,12
154,芙卡,4,9
155,匹克西,4,17
158,绿之骑士,4,11
176,支援型糖妹,4,9
177,支援型芙瓦妮塔,4,13
178,支援型提妮亚,4,13
184,绚烂型钻石,4,15
185,绚烂型石榴石,4,13
186,绚烂型蓝宝石,4,14
189,支援型红玉髓,4,14
199,第二型杜提,4,14
201,支援型梅尔特,4,14
203,绚烂型电气石,4,14
204,绚烂型红宝石,4,14
207,支援型尤妮亚,4,13
218,支援型罗莎莉亚,4,15
306,支援型克洛希丝,4,20
865,第二型苏西安蒂,4,8
255,星冠型天鹅座,4,16
274,星冠型天蝎座,4,15
275,星冠型军市一,4,15
276,星冠型心宿二,4,16
271,第二型妮丝,4,11
289,炎夏型摩高斯,4,16
300,炎夏型伊莱恩,4,18
308,炎夏型加拉哈德,4,19
309,炎夏型摩根,4,17
328,支援型艾菲多娜,4,11
302,支援型西雅提,4,13
903,异界型米兰达,4,10
460,第二型弄蜂,4,15
882,第二型路法,4,10
1,第一型兰斯洛特,5,19
27,特异型罗宾汉,5,13
28,特异型阿倍晴明,5,15
38,第一型高文,5,16
48,第二型迪拿丹,5,14
55,特异型伊卡洛斯,5,16
59,特异型贞德,5,18
63,特异型帕尔修斯,5,17
72,第一型加拉哈德,5,15
77,归化型妮妙,5,14
96,特异型达芬奇,5,16
110,掳获型摩根,5,20
111,复制型艾儿,5,9
112,凯特西,5,14
113,凯尔皮,5,17
116,树妖,5,16
117,复制型菲,5,10
118,美人鱼,5,14
120,复制型莉芙,5,11
121,莉瓦亚珊,5,13
123,蕾普菈荷,5,12
128,第二型索尔,5,14
146,蓝帽子,5,16
149,希尔奇,5,19
156,姆莉安,5,18
159,异界的女王,5,14
171,共鸣型西西拉拉·幻影火焰,5,8
172,共鸣型西西拉拉·纯洁之心,5,7
173,共鸣型西西拉拉·巴比伦剑,5,6
175,第二型橄榄石,5,15
180,支援型诗多莲,5,14
183,特异型须佐之男,5,12
197,支援型罗梭菲亚,5,16
210,拉蒂,5,15
211,特异型宁宁,5,12
212,特异型尼禄,5,12
213,第二型拉比,5,11
214,第二型斯拉普斯,5,8
221,第二型卡特莱,5,17
222,第二型莎拉菲亚,5,15
224,西西莉亚,5,13
225,艾蕾娜,5,16
226,第二型修伯克,5,15
228,第二型米诺亚尔,5,14
261,支援型利克雷特,5,25
262,第二型艾莲,5,14
272,支援型黄蝶,5,8
286,第二型迪雅娜,5,23
313,第二型莉芙尔,5,15
315,第二型艾莉奥莎,5,14
324,第二型傲菟,5,9
393,掳获型摩根最终形态,5,14
398,异界型雫,5,25
852,姫忧型甄嬛,5,16
853,姫忧型华妃,5,15
854,第二型莎奈莉,5,16
855,第二型金鱼姬,5,17
856,特异型牧羊女雪酪,5,20
859,空战型碧儿蕾,5,18
860,空战型德莱姆,5,20
861,空战型苏珊·法兰克,5,15
862,空战型蒋涵翔,5,16
863,空战型李梅,5,17
864,天界型天绯,5,18
148,莉娅南茜,5,14
157,塔尔威斯提格,5,15
256,星冠型天琴座,5,18
258,星冠型织女星,5,25
265,星冠型处女座,5,19
277,星冠型天狼星,5,25
278,星杖型仙女座,5,23
285,格莉,5,18
394,异界型 结,5,27
395,异界型甜甜圈猫,5,22
867,陆战型坦格儿,5,14
868,陆战型玛莉亚,5,16
869,陆战型璐璐．卡尔,5,17
870,陆战型米娜,5,15
294,第二型露普特,5,19
871,特殊型莺歌,5,16
872,特殊型艾莉克希亚,5,13
273,支援型拉格夏,5,10
287,第二型萝恩,5,16
336,第二型阿尔卡莱德,5,18
392,究极切尔莉,5,99
873,可罗妮·改,5,20
874,涅扣儿,5,16
875,幻兽型奇坦儿,5,18
877,幻兽型月兔,5,14
878,幻兽型梦魔亚,5,17
879,支援型箬叶,5,19
405,库鲁敏,5,16
548,幻兽型天马,5,14
880,支援型艾香,5,16
883,幻兽型雅妮儿,5,15
885,支援型瑟彤,5,13
886,特殊型剑帝,5,17
299,炎夏型莉芙,5,19
307,炎夏型艾儿,5,18
311,炎夏型桂妮薇儿,5,16
388,异界型伊格纳德,5,16
389,异界型艾洛蒂,5,16
442,霜线,5,15
569,异界型诗音,5,13
887,特殊型西维亚,5,11
890,古亚加．改,5,19
891,异界型筱岚,5,19
892,异界型华翎,5,20
893,炎夏型丝麦茵,5,17
894,特异型莉可,5,12
895,特殊型味自慢,5,26
896,炎夏型菲米娜,5,17
458,姫忧型南丁格尔,5,18
506,第二型比,5,17
899,伊蒂欧姆．改,5,20
900,炎夏型招弟,5,13
901,异界型米莉亚,5,15
902,异界型芙琉,5,13
905,春香,5,17
906,炎夏型夏馡,5,17
907,炎夏型莉丝特,5,15
908,葛莉特,5,14
909,雪风,5,21
345,第二型多米南,5,16
386,异界型基里尔,5,13
387,异界型 御堂结,5,11
916,时崎狂三,5,21
917,四糸乃,5,16
918,夜刀神十香,5,15
920,异界型鸢一折纸,5,19
921,小小狂三,5,9
922,小小四糸乃,5,8
923,小小十香,5,10
924,小小琴里,5,12
925,小小折纸,5,11
926,异界型奈芙,5,13
365,第二型伊阿乔,5,20
440,温特莉,5,23
446,姫忧型茶茶,5,18
469,姫忧型伊莉莎白,5,13
927,异界型碎冥,5,15
929,炎夏型玻妮,5,15
930,炎夏型摩莉丝,5,16
931,炎夏型杜儿芬,5,18
932,娜米兔,5,22
933,异界型裂风,5,18
23,特异型希格露恩,6,17
39,第一型莫德雷德,6,19
71,王位型君士坦丁,6,20
97,特异型小灰人,6,20
101,支援型克雷雅,6,14
174,觉醒型西西拉拉·超载,6,11
193,绚烂型青金石,6,20
220,第二型弗洛伦斯,6,21
850,复制型托勒密,6,19
858,空战型佩芬．道尼尔,6,19
267,星冠型角宿一,6,27
866,陆战型法莱提斯,6,26
318,支援型缇斯特,6,23
288,炎夏型菲,6,22
298,炎夏型亚瑟-技巧之场-,6,25
310,炎夏型妮妙,6,23
897,炎夏型华妃,6,18
898,炎夏型和泉姬,6,16
904,香霍斯特,6,20
910,炎夏型金鱼姬,6,20
911,炎夏型可可娜,6,20
912,异界型时崎狂三,6,24
913,异界型夜刀神十香,6,18
914,异界型五河琴里,6,20
915,异界型四糸乃,6,21
466,姫忧型辉夜,6,28
209,第二型费奥纳雷,6,20
447,姫忧型普媞卡,6,26
593,感谢型妮妙,6,12
936,学徒型时崎狂三,6,22
